100
138 22
48 5
46 77
909 100
54 8
76 23
81 28
711 78
90 89
304 37
511 72
400 39
288 35
823 93
120 24
13 12
481 10
532 75
795 96
69 54
832 83
25 68
249 82
52 51
483 68
415 82
45 4
59 58
899 30
522 42
24 11
72 27
159 52
954 48
360 39
150 66
940 93
216 23
55 10
120 59
147 48
303 56
91 33
502 84
344 42
369 40
202 100
15 4
232 59
19 52
997 32
266 49
775 18
174 28
528 68
93 92
827 3
285 46
301 40
719 54
395 78
898 15
620 61
128 76
329 46
366 48
32 15
558 92
231 32
40 7
240 23
142 36
656 74
399 56
511 72
150 49
176 21
88 43
30 2
302 71
394 16
10 1
975 76
361 78
434 76
989 48
163 30
726 32
424 45
132 79
582 96
698 57
442 55
950 34
189 80
400 39
116 58
405 16
35 52
552 18
