411
139 139
1212 1212
799 799
1165 1165
954 954
1385 1385
112 112
68 68
1296 1296
558 558
970 970
1915 1915
1873 1873
439 439
1041 1041
421 421
1478 1478
1921 1921
1125 1125
1093 1093
94 94
1492 1492
1151 1151
149 149
503 503
1710 1710
606 606
809 809
649 649
881 881
603 603
1245 1245
1677 1677
643 643
945 945
459 459
322 322
539 539
1479 1479
1829 1829
857 857
1510 1510
1411 1411
1370 1370
201 201
548 548
492 492
38 38
1123 1123
1942 1942
438 438
562 562
672 672
402 402
1515 1515
97 97
860 860
1691 1691
820 820
88 88
1855 1855
1198 1198
1381 1381
350 350
175 175
191 191
233 233
1070 1070
57 57
1084 1084
301 301
148 148
1726 1726
124 124
688 688
1170 1170
552 552
1347 1347
850 850
1886 1886
238 238
314 314
1525 1525
1318 1318
1573 1573
1838 1838
1871 1871
1711 1711
34 34
1214 1214
1446 1446
1076 1076
1722 1722
801 801
272 272
1404 1404
1044 1044
935 935
1531 1531
1509 1509
764 764
602 602
992 992
1766 1766
1303 1303
713 713
440 440
352 352
614 614
1751 1751
1274 1274
1243 1243
1453 1453
390 390
1112 1112
1565 1565
982 982
110 110
952 952
818 818
705 705
1019 1019
164 164
784 784
736 736
361 361
772 772
424 424
1686 1686
1339 1339
635 635
1524 1524
351 351
991 991
1891 1891
1116 1116
777 777
1535 1535
1866 1866
681 681
696 696
1497 1497
13 13
1922 1922
204 204
448 448
212 212
1094 1094
690 690
1159 1159
960 960
310 310
1110 1110
1265 1265
1131 1131
846 846
1826 1826
332 332
490 490
831 831
237 237
917 917
1925 1925
904 904
692 692
62 62
234 234
1136 1136
262 262
98 98
1517 1517
1951 1951
315 315
1562 1562
407 407
1160 1160
612 612
1475 1475
1845 1845
1514 1514
1882 1882
1537 1537
1219 1219
1918 1918
1694 1694
1392 1392
525 525
475 475
1582 1582
341 341
706 706
1738 1738
397 397
1251 1251
1064 1064
28 28
854 854
677 677
1674 1674
893 893
78 78
1030 1030
930 930
590 590
814 814
1665 1665
815 815
1923 1923
1 1
567 567
958 958
682 682
721 721
534 534
1927 1927
232 232
1053 1053
135 135
1538 1538
921 921
1635 1635
1823 1823
80 80
395 395
1410 1410
1654 1654
1346 1346
1448 1448
1581 1581
1529 1529
804 804
1051 1051
140 140
1007 1007
235 235
1250 1250
1438 1438
1898 1898
581 581
1705 1705
87 87
1545 1545
1232 1232
566 566
1941 1941
1194 1194
1067 1067
182 182
751 751
1767 1767
821 821
1210 1210
1149 1149
79 79
446 446
1732 1732
967 967
306 306
136 136
1016 1016
414 414
1832 1832
359 359
756 756
680 680
1903 1903
517 517
978 978
835 835
1713 1713
1775 1775
886 886
1876 1876
2015 2015
1201 1201
379 379
1390 1390
1536 1536
749 749
1163 1163
122 122
1400 1400
1280 1280
2002 2002
1688 1688
1387 1387
1735 1735
1237 1237
1493 1493
715 715
115 115
356 356
2012 2012
1378 1378
313 313
790 790
1103 1103
1863 1863
637 637
1522 1522
271 271
1728 1728
617 617
1795 1795
1598 1598
847 847
519 519
1748 1748
330 330
1217 1217
1059 1059
1467 1467
1308 1308
1541 1541
544 544
165 165
1501 1501
1372 1372
433 433
2010 2010
1996 1996
325 325
471 471
1031 1031
432 432
445 445
186 186
942 942
1450 1450
453 453
1285 1285
42 42
277 277
456 456
305 305
1306 1306
1935 1935
1805 1805
1460 1460
1267 1267
1079 1079
1444 1444
217 217
213 213
1593 1593
228 228
1403 1403
39 39
36 36
550 550
1919 1919
1451 1451
105 105
360 360
1841 1841
852 852
654 654
1936 1936
1765 1765
280 280
720 720
971 971
1801 1801
396 396
1706 1706
585 585
1337 1337
1949 1949
2005 2005
836 836
1026 1026
1351 1351
1957 1957
1230 1230
1052 1052
286 286
1435 1435
117 117
1568 1568
1825 1825
2008 2008
856 856
1934 1934
1293 1293
1787 1787
1745 1745
1191 1191
1549 1549
1273 1273
652 652
523 523
1733 1733
1835 1835
375 375
1878 1878
622 622
1815 1815
874 874
1762 1762
486 486
1312 1312
1145 1145
827 827
1023 1023
210 210
1301 1301
373 373
1338 1338
744 744
296 296
1465 1465
