100
720
681
239
200
856
418
798
360
286
80
451
85
854
241
101
512
282
139
538
395
946
24
286
636
681
317
977
21
656
236
907
15
324
134
882
424
726
485
279
38
591
144
841
394
908
320
238
350
618
6
457
155
534
334
879
11
888
664
598
374
213
372
112
473
67
512
630
51
280
125
506
101
650
261
330
59
332
155
265
88
137
22
929
814
653
550
405
302
857
519
599
261
98
675
214
559
704
20
261
423
748
195
376
567
5
867
674
198
820
667
505
352
187
53
805
565
24
914
336
602
394
140
21
513
984
409
962
387
66
559
570
55
168
663
237
594
637
387
620
370
701
27
324
404
775
148
812
111
566
503
192
129
748
628
51
69
335
286
969
348
578
53
47
478
459
73
273
259
135
396
582
51
668
232
161
275
643
172
977
162
824
296
95
433
245
524
825
56
808
786
297
275
264
463
641
86
48
15
81
18
329
419
114
634
760
576
744
560
495
397
362
530
573
439
652
518
471
216
20
235
822
153
823
152
453
458
249
662
912
755
476
319
720
283
389
48
448
192
841
585
494
361
756
99
205
637
168
674
557
260
2
815
215
713
552
376
280
196
675
591
15
832
800
47
538
128
561
105
876
77
361
592
851
764
523
436
456
278
258
476
98
371
776
307
941
799
178
36
282
462
617
127
148
25
613
490
524
132
133
259
66
630
307
389
880
704
28
148
54
180
948
714
163
320
702
219
457
288
746
1
860
268
815
223
795
481
655
341
19
47
578
512
889
105
595
189
406
197
677
468
335
163
478
20
26
95
631
510
373
120
246
7
62
905
158
809
860
370
111
379
941
365
365
211
694
233
898
29
90
326
993
577
82
579
897
236
980
668
979
667
959
604
699
344
704
567
259
122
724
80
384
260
527
277
10
794
476
285
503
312
