100
175247756969888735521070673828602697212668997457228930019009964364
88321264752172602037965194533817208971175081169918
375689895952195208196478217702256024135910729087981931218881661858747837957798110624
5909783927447467039759757657
446191656136961452191595392506413698922087629121691033
71024459076355870295515349999999999999999999999999
18015557651449378985899575452412179766078036157268532920
1912244201942988887798066716
6701458975855420860918854668215658634833515588229393797429951089
816407584804262322722389395925031162206396149266436668418080508202402582
736928754672291532602988211436
850662054092007567496294381262662365795678244541341834
79547234504281552220597120578322998008458763601503
56423110369906630835
019928177020133286198069644923825668961997872668302522382380239507896831
76294937951346079999999999999998
778947039754733034842638
770213204794430987431885074965021568347921915563842665066582631384905955
7317687888288796018289840842555483343733010677521832509292542528828411739143476427
96960450151313600213051094124942135285398535702593759060085890415500
6486752628299761302209971636573673696735582704185386671220505578092732757453614084955141080516
11289016738010610199776559786202334622821685963124777969650105044241
3981256101315998434237637291156559847555299498962266269598517396300685420793399196412621
6142726874627560746955943134
33763503850521513976697955045452
84014858342437464772699999999999999999999999
42531534399735066900787564
67717067431851357908982047689255734768
7798402559992478017224363022424174632172
4464904016532993714248347925495220440184220656492543746552350226395996091114412134069003817184
7728984117705894476148627839664709273684085635272744559980732092287243
5500570156193389797217777548787001054442470169913875
362734203510066683325688889811337954134302801999750007762510549306264771929802958899
8188693897584922268752094686505084868301522054117907
4586135340572969977929207126784448118998373541564803306688492991414645919751032043408245
730535402670371320816570244090999999999999999999999999999998
3239238578563302012644830374710309
4167606524698429163554790115282865632185624651912028264089692134797644
62149002527658037746155214476165
6697821652591429603385808410360838137929953637166981468099876272
1888462307291243207582775298884554349170442615694775903256809462101165540251786096
3231360256222133911888
149681572437674845740954528250
865778378460788669026383793180832953822629352154407057652293097535235250624804166912
25525802823767409826081520810223
1654108750113850999999999999999999
435727285434435465987640662667703051528445290488831966296902701542337127387005691341
70613063668832776631037683179979
606728492107620208215601044925724939445414347692475990571436
76711598626780924780919720926173075075467155
572336346530147942455292
121850396573937839022427578096435957368879670753511653515050121502842062119014
076469526734882470162886412868646549299029231594190997681647641754728095213819617429
899917694784246089062307
218259896988253258380424421583386731265522306246438734026746117543452851513938592691
82267030532323310845702189999999999999999999999998
881423111364316769192399522731469367148027
70443529527551562404043152697825777428331798671295452842412221389502883692729725567742
3846881132626514108585519190983476566480580718386591542487128425818984382726429874
17485578788282928883848911991515691643077588983101729277660531740063761858548740326954187139
3624807072729468902393262150425759633366671867539378
3510853103545395299181774825993401887493
087048987133004236533384108788854248636725946671
312762220186741063400436018159621321625533794408551262866313774425
981578373550270594713047
3570540150470264612605293139897469377241199999999999999999999999999999999999999999
3524413578379400286284
8938724743087490116743500328704766838687268226401496
07427886976649988078259180161170404945258709976513646840265753236823
814205506089536189169364035989945917610584058417926290116901
5488613093044799768265564227996994
29733405563572719751349757731034
9183616980429810225570071813458482859654
134682721223232004713021085615983710208776005443424645785272651784414639
168722024150711603705017047251504323975565823100
71216141033342513969999999999999999998
79077777439475084614006682026781079240170255296692620071416991225047574954344052159531
350088840291045016509855123025082322740807769486
8146827591497080954529340372737275952744505061409536010431879798306987876811462355
58939866650305602099848565133173190680868866456762186454110821174803897668
001246395653419499533020
726201918707130415286482781722753161263181461719095651160893237162981665
9026362434446744983082293176588746875372792976824322980189492667134505344048922764488864
8045325232853121543629757000936349
00555894375166121100035389522146259855824533
29491111593631114828603437980057355824183452855349999999999999999999999999999999999999999999999999
44867142973687095856855585271099749857593210258596508224807690711285425234395990688485
311993716388768797187485764783982265570622695268768562341860
14775269744505523138564938
03232201080849372599097064716177856399244108382020217860659321545413695998
486645617765157650713403582732194897319353844391597992857249401681870798167670897213
338384741252901329650340538827664729075215843578802401963517
918753113862541807294375468252086588
60005952856956099434634995279035723750
8218492987565692041544809834722722
66360655494652735390337622645237844337584189999999999999999999999999999999999999999998
17831300732825999479772289677276066700532833008488996965593796837618613340350385
025408430003497392339198929357202804
04963403870578261170500766859298027320834777
57222523837325148650616985039065792077142058841601942272
