100
3 4
6 5
6 2
6 5
4 8
6 5
4 4
4 2
6 1
6 6
4 6
4 4
6 6
4 1
3 10
3 12
6 1
4 10
6 2
4 7
6 6
3 6
3 10
5 2
6 1
3 4
6 1
5 1
6 4
6 4
4 5
6 21
3 48
6 47
3 32
3 24
4 33
3 42
4 39
4 19
6 36
3 48
6 34
6 22
4 20
4 43
6 16
6 46
3 24
6 25
3 26
5 18
3 50
4 45
6 13
5 42
5 48
3 46
3 50
5 24
4 27
6 44
6 45
3 20
4 21
3 26
3 38
5 18
4 16
5 50
5 18
4 982527252431661
4 51011245880280
3 832797710450526
5 492145012643368
3 231604303744444
4 43594561279609
4 370639689863463
6 62790394531491
5 258928700802830
6 353470719291259
3 144584120922300
3 623735309075376
6 776185738401508
5 548143179476690
3 671264206312494
4 997932802329424
3 96788972634576
5 692352080546620
4 750858932697742
5 430456256797088
3 325973508306184
3 660645305515948
5 327164936998198
5 948838885050108
5 523601836337310
5 175912859183320
3 857457455521056
6 383451511171310
4 84316950693934
