100
4 22 38
6 13 5
38 38 46
77 60 47
100 49 79
19 8 14
66 76 23
52 81 28
71 77 78
34 49 73
89 7 41
73 37 10
48 23 72
33 17 97
39 10 100
38 35 6
98 23 93
69 20 24
71 11 12
40 21 81
10 60 17
75 44 17
95 96 59
69 54 73
32 83 77
25 68 56
83 82 48
43 67 51
33 21 24
68 40 37
66 82 40
45 96 4
24 79 52
58 33 61
99 30 98
22 42 98
6 11 9
12 72 27
80 70 52
39 13 54
48 66 47
39 20 79
50 66 90
86 93 42
50 66 23
41 79 22
10 17 5
28 59 43
52 88 48
31 3 3
56 57 91
33 55 2
84 86 100
42 11 98
93 40 31
49 38 100
19 32 10
4 22 93
32 59 99
19 52 77
97 32 59
66 49 58
75 18 99
34 28 10
56 28 68
50 99 92
12 61 27
3 65 85
46 60 1
40 58 19
54 60 43
78 45 95
98 15 77
48 61 24
60 28 76
70 58 46
38 97 66
48 58 15
15 27 82
100 92 27
56 77 32
24 47 70
7 42 75
26 23 42
70 42 36
80 56 74
60 23 56
31 7 75
72 44 57
10 49 30
23 3 21
39 38 37
43 30 52
23 2 37
60 2 71
94 94 16
78 52 1
13 5 75
76 100 61
78 97 34
