100
39 792
839 1110
456 1093
1166 1185
851 1100
1054 1122
1143 1196
138 1191
546 671
598 830
577 695
56 794
458 1039
82 86
126 184
47 637
841 1119
108 597
812 1013
457 581
734 1088
624 655
398 932
213 727
379 1025
430 574
280 905
389 684
330 546
1132 1152
515 951
529 960
53 428
338 610
799 1110
898 1125
1084 1199
861 870
348 459
72 1156
1074 1076
1020 1124
240 586
405 722
624 1167
134 207
421 1089
784 1017
625 790
1170 1190
168 1052
50 686
20 967
701 1072
523 956
812 846
1166 1197
120 507
851 927
735 1123
725 977
647 740
59 806
131 195
182 617
868 1144
415 637
977 1169
224 822
569 979
625 846
808 1096
327 622
841 1185
648 824
1148 1188
514 1011
1160 1183
92 506
162 231
173 1095
655 785
620 814
422 1016
711 916
249 1022
712 1011
437 1156
389 558
1048 1192
455 558
356 381
1005 1127
817 946
802 1157
215 1126
684 775
475 671
215 1029
266 859
