100
19
54 65 76 38 41 45 31 67 13 98 2 52 47 53 16 62 55 9 48
24
91 24 74 47 58 33 66 67 17 20 89 85 32 90 3 56 4 83 70 49 26 65 57 63
88
20 89 71 14 22 59 84 46 58 70 97 23 8 53 76 73 25 24 93 36 63 5 100 29 57 18 42 26 16 61 79 44 32 66 91 6 92 33 45 64 7 82 77 74 12 13 83 72 78 87 75 90 54 86 65 68 30 95 81 94 55 28 43 51 17 60 41 15 48 80 2 40 9 69 52 98 85 35 11 38 99 37 62 56 1 47 34 39
18
74 33 99 60 9 75 41 19 8 51 11 16 85 44 59 31 78 93
69
40 29 11 88 12 3 36 20 2 19 66 59 43 84 6 97 9 24 34 69 65 95 74 54 38 25 18 13 51 58 98 30 45 87 8 22 26 81 63 28 17 7 73 62 32 68 15 55 56 77 82 100 71 48 92 80 1 60 35 33 78 10 31 42 21 94 85 90 46
22
54 39 22 32 86 79 25 2 4 23 29 88 81 100 70 66 18 43 3 1 73 52
59
70 40 12 14 37 55 44 33 13 72 49 45 17 59 64 21 20 7 19 99 61 26 76 15 3 46 63 84 28 88 4 80 27 100 71 31 42 29 91 96 51 9 77 56 78 6 57 25 52 41 32 82 30 95 81 39 60 36 8
88
7 37 54 67 44 96 90 43 33 30 5 62 89 28 88 46 76 86 4 85 73 9 99 19 84 71 64 1 32 61 83 91 55 6 40 13 18 42 23 27 35 63 82 49 29 16 69 98 78 12 95 3 14 57 77 26 100 51 70 15 81 56 75 22 41 34 38 21 60 97 92 11 31 68 8 87 59 24 25 72 47 20 53 17 36 93 39 45
28
96 23 100 45 2 36 3 44 32 87 97 19 24 91 78 17 98 51 83 4 8 63 64 38 1 72 28 85
64
79 12 38 14 43 55 25 20 7 8 31 82 58 30 56 85 45 13 26 83 53 24 65 60 75 84 49 37 63 16 61 11 51 33 39 10 3 76 34 9 19 78 48 73 64 88 96 40 89 93 100 90 74 94 47 98 4 91 42 86 2 6 35 44
94
87 79 33 24 81 67 2 85 57 22 100 18 8 30 75 36 10 29 98 35 93 64 17 95 89 37 92 55 97 28 61 4 56 47 68 63 83 66 90 94 19 9 39 14 44 26 23 82 21 38 3 11 53 16 52 32 13 99 91 74 54 78 49 48 77 41 40 15 71 1 65 20 96 80 12 7 46 25 43 84 76 70 31 86 51 58 72 73 34 5 60 27 88 59
30
15 85 7 71 55 80 27 100 62 84 92 3 44 57 96 82 29 64 34 5 2 46 48 18 47 10 9 22 83 67
16
90 10 14 48 68 45 73 58 41 77 46 100 17 36 79 95
78
16 20 95 13 85 41 67 61 19 11 77 69 21 48 100 33 8 75 98 84 90 18 39 26 74 70 36 7 59 64 78 68 62 86 3 28 25 81 56 27 53 72 87 91 57 94 55 66 47 22 92 49 51 71 97 12 83 79 15 46 5 80 54 32 42 73 60 2 17 76 99 82 89 24 38 6 37 52
91
78 41 92 84 8 82 31 74 69 33 22 97 28 54 26 32 45 51 19 91 55 65 60 75 29 88 59 93 63 94 73 100 6 20 1 44 72 35 17 99 57 66 10 95 64 62 53 23 79 27 9 77 5 36 4 39 83 49 48 89 14 96 71 61 90 58 2 70 3 25 85 42 24 40 11 81 67 15 21 68 38 76 7 46 34 87 80 37 47 13 86
90
67 97 44 59 63 14 53 99 29 26 81 28 86 2 32 80 40 64 68 13 36 46 74 42 47 79 6 55 17 27 51 95 22 37 3 71 76 52 34 98 60 56 88 1 66 62 92 45 69 31 87 72 25 48 30 8 100 18 11 4 54 57 77 9 75 90 39 15 16 84 38 78 82 23 19 21 61 33 12 24 93 91 43 70 94 65 35 7 83 58
5
52 37 23 39 15
17
73 91 1 83 30 74 69 77 27 34 67 24 68 65 12 86 6
90
15 97 92 94 73 55 46 62 40 20 8 98 93 25 12 31 5 76 48 13 86 64 32 70 88 53 41 68 56 27 100 83 9 69 75 91 78 28 3 29 37 90 80 95 47 61 34 77 45 84 60 54 21 99 4 81 24 82 38 79 49 35 89 63 30 67 42 58 23 66 71 52 22 33 44 39 85 72 18 87 2 74 65 6 14 96 17 26 1 7
72
9 75 1 40 39 4 45 70 27 15 100 65 96 28 66 60 19 54 71 61 47 58 94 7 99 93 53 68 51 33 95 5 44 10 55 34 59 30 14 36 13 88 77 25 92 22 35 63 80 37 16 76 86 82 69 46 56 90 48 6 21 17 57 89 78 52 87 91 42 41 31 32
69
71 73 8 64 4 38 25 82 84 1 48 91 80 19 12 36 55 23 43 61 62 42 60 65 93 9 46 59 24 88 30 17 69 53 40 74 67 49 56 10 63 33 39 28 72 68 76 83 86 97 7 100 13 15 92 57 45 6 31 70 11 78 58 75 99 79 16 3 21
4
65 39 12 5
97
26 6 9 49 27 36 89 68 86 20 41 8 38 16 34 48 78 73 42 44 33 71 83 23 4 10 72 96 47 35 18 94 21 58 5 59 99 7 74 77 56 88 19 51 37 45 90 62 75 100 60 29 25 84 67 22 55 1 91 63 15 65 79 82 87 2 24 85 80 92 12 13 39 32 40 61 69 53 95 31 97 93 14 81 3 57 43 66 54 70 11 17 28 52 64 76 30
96
25 82 22 1 26 63 10 42 44 97 32 19 87 18 65 36 79 93 9 75 78 61 16 5 30 77 3 76 56 34 46 96 66 53 80 99 37 54 89 24 84 59 85 27 17 12 45 86 2 51 91 60 38 33 58 62 73 49 94 39 52 23 64 40 100 31 57 98 67 29 28 92 81 83 7 8 41 6 72 74 88 11 47 95 90 69 43 68 55 21 15 14 20 71 4 48
98
92 56 1 61 4 91 19 27 59 46 40 76 93 85 48 37 73 79 62 66 72 7 10 60 42 64 20 74 68 96 57 30 39 95 70 36 24 90 98 35 44 69 9 5 12 6 33 47 87 84 43 89 38 99 83 53 88 45 51 94 31 8 25 80 55 23 15 11 17 86 13 82 16 81 49 67 97 28 75 100 34 54 41 32 78 3 52 58 65 14 22 26 29 21 71 2 77 63
54
19 4 89 13 75 97 78 57 61 56 73 62 77 80 17 76 5 54 94 41 82 90 45 86 83 35 60 98 100 2 92 10 18 39 49 31 3 46 63 96 95 21 24 12 1 48 29 66 6 79 93 20 69 38
71
89 27 29 7 11 100 96 80 81 22 85 25 76 51 12 6 53 13 87 35 30 64 38 74 37 24 42 68 18 70 47 21 56 19 48 95 77 44 26 28 3 57 9 90 61 58 82 86 62 23 20 10 91 88 5 32 55 17 34 14 4 8 33 16 66 49 39 73 83 84 46
1
26
12
5 12 66 37 99 74 51 21 81 98 76 82
78
61 30 64 5 9 24 56 10 35 23 49 85 92 40 6 12 45 3 73 46 28 48 8 44 38 47 66 42 96 59 65 43 75 60 84 21 68 90 19 100 63 51 34 15 76 1 69 88 95 78 94 74 29 18 82 55 13 33 25 20 80 53 67 14 86 57 58 16 79 77 4 93 54 22 70 26 52 31
29
87 57 15 5 83 24 63 35 14 47 7 16 86 13 54 68 45 70 96 32 8 23 74 79 64 66 88 53 67
41
51 99 91 19 43 26 63 33 64 45 90 53 92 8 96 18 40 13 82 42 14 1 30 48 62 81 4 56 70 12 66 58 31 72 46 39 2 78 52 36 7
57
19 77 63 93 80 70 10 48 91 13 98 75 30 57 24 32 94 4 85 37 72 99 97 49 40 23 47 45 44 33 7 58 9 25 69 65 79 95 18 96 90 39 27 11 5 55 2 52 87 83 61 6 73 100 59 16 17
23
26 72 6 15 18 29 98 85 10 69 64 43 39 3 59 40 53 19 100 31 62 8 32
19
7 48 95 13 64 98 74 32 51 21 92 73 10 67 20 56 3 71 89
65
7 75 72 23 37 88 36 92 1 46 71 10 27 53 94 19 45 65 73 33 78 99 38 87 16 51 83 9 22 77 59 56 58 6 82 100 70 17 62 4 98 57 35 55 84 13 86 34 31 40 8 54 89 66 15 44 14 20 11 95 76 29 2 47 80
39
81 46 43 26 23 7 70 12 40 24 76 80 16 34 67 42 29 71 8 49 32 19 14 78 25 36 89 93 53 97 1 11 98 38 55 10 20 75 39
35
27 88 20 43 46 26 91 74 9 48 37 82 66 52 62 14 100 68 5 28 13 19 97 11 25 56 12 95 53 18 71 60 57 75 17
10
74 90 79 54 39 46 80 4 72 33
75
45 96 94 92 55 97 14 44 83 24 26 86 22 75 98 3 95 77 52 49 67 41 46 7 99 8 19 56 57 25 4 72 9 42 62 40 28 20 33 12 16 36 65 21 31 38 6 32 1 79 37 71 30 69 90 27 47 58 91 76 81 64 5 10 13 84 54 2 35 87 59 80 17 73 93
47
88 31 89 91 57 64 71 15 1 23 100 59 25 27 74 51 80 29 87 69 58 45 26 42 20 30 63 73 94 2 33 66 61 19 37 21 11 28 95 96 17 22 6 76 99 38 35
28
70 31 47 10 8 81 72 14 37 46 39 32 26 76 11 97 12 78 84 90 13 29 62 95 2 54 73 49
52
60 81 32 80 61 37 98 17 20 31 29 100 71 95 57 53 41 85 4 68 15 36 43 5 87 77 49 34 92 90 74 56 6 22 16 51 63 33 75 78 44 8 94 67 42 47 73 84 48 72 3 64
92
46 18 62 80 68 37 53 38 35 77 22 91 99 17 36 5 9 31 15 83 94 54 93 21 39 96 79 84 92 74 2 82 41 1 7 98 6 8 4 59 51 12 25 63 87 85 52 71 28 67 11 30 60 34 24 66 90 29 16 95 65 33 69 100 58 13 19 81 47 73 32 23 40 49 26 20 56 78 88 70 89 42 44 55 76 14 57 72 3 64 61 10
7
8 39 82 79 25 36 31
84
36 52 22 62 28 48 77 9 35 96 99 69 3 47 79 1 63 25 67 55 15 74 34 40 87 42 37 97 46 27 91 93 29 6 71 8 5 18 78 21 23 82 68 14 45 88 20 72 30 49 64 59 38 53 33 17 24 65 7 89 75 94 4 100 26 11 12 90 10 70 43 81 2 19 44 61 58 86 92 83 98 73 95 84
36
68 8 52 71 24 69 70 41 29 54 88 89 99 14 84 76 64 31 18 47 81 43 86 37 7 5 40 78 59 6 56 45 1 13 32 30
72
30 52 5 66 29 47 90 56 2 61 1 38 92 98 76 6 9 55 35 45 40 21 54 69 68 13 10 51 99 62 58 72 65 96 26 49 41 70 19 82 79 67 100 31 18 3 94 39 4 91 8 15 46 63 33 43 64 22 37 34 28 81 93 14 53 59 83 89 80 12 78 57
7
16 37 18 62 4 58 90
81
1 34 76 7 29 78 47 33 65 82 27 90 98 75 100 89 59 49 60 55 58 41 95 80 48 6 17 10 20 8 37 46 12 40 92 88 2 21 18 45 32 61 19 99 25 23 35 51 52 86 85 71 83 54 91 64 14 57 31 4 63 73 97 43 69 70 94 74 13 72 5 28 77 81 11 30 3 62 36 24 79
23
36 51 28 90 55 63 2 19 27 35 69 44 95 91 72 76 54 10 40 6 56 81 29
28
5 65 43 19 88 90 100 74 11 79 34 17 53 48 98 63 26 27 29 83 68 16 94 57 3 69 33 44
57
2 87 19 1 55 82 6 40 61 38 70 77 62 96 45 10 27 7 4 80 49 3 5 13 83 51 16 56 81 8 17 68 32 67 31 73 18 57 72 39 41 37 75 89 33 54 12 59 92 91 48 29 25 79 94 26 44
25
46 8 59 3 68 83 61 71 74 51 18 25 6 72 11 75 16 39 70 2 32 64 1 76 28
18
39 94 2 36 88 67 72 24 82 21 98 91 49 86 23 47 8 75
38
1 2 15 89 76 39 95 87 96 59 65 58 60 56 64 26 75 68 37 67 99 83 27 9 85 32 6 62 72 46 48 41 70 98 43 54 20 35
66
99 22 95 58 93 7 1 23 12 15 53 21 20 30 60 34 77 3 56 6 84 92 98 39 48 70 45 55 76 69 59 11 47 88 61 49 57 78 37 35 68 79 18 5 51 62 10 24 52 33 41 42 26 72 29 89 91 82 38 65 25 13 90 17 4 71
58
72 76 23 40 69 47 66 71 28 7 24 84 68 26 59 96 20 41 17 27 8 42 90 4 45 74 56 25 89 12 61 60 30 82 83 2 79 32 52 65 6 63 46 31 15 100 53 91 5 78 11 22 98 3 80 55 93 10
54
60 79 96 86 75 94 98 25 1 66 65 20 7 89 21 48 39 77 68 47 30 53 64 4 24 26 62 14 54 34 10 18 40 28 38 3 80 13 11 37 35 92 46 67 31 83 2 78 55 57 45 58 33 49
51
3 13 64 60 34 17 40 81 67 49 56 85 90 73 28 2 78 79 10 18 96 91 27 66 55 15 35 48 70 4 92 1 22 21 80 75 5 6 69 63 42 97 84 86 59 26 41 99 57 16 44
31
85 21 7 16 92 95 29 23 10 18 51 77 57 100 55 74 52 49 19 97 63 32 12 84 64 80 46 22 75 6 87
62
90 7 72 91 73 41 16 55 36 42 18 83 8 49 27 65 33 35 45 3 47 64 4 54 94 19 69 13 51 86 6 2 98 99 43 32 46 76 84 5 75 92 58 81 25 85 62 14 34 21 44 29 38 30 37 87 17 80 60 70 15 12
37
68 46 18 29 88 2 33 11 1 74 79 10 87 43 66 53 63 31 65 49 58 81 77 59 17 98 38 40 34 47 85 67 19 96 56 16 70
14
73 21 7 29 30 27 45 74 89 4 11 3 72 48
51
56 69 98 92 36 42 21 32 85 70 46 22 91 7 15 84 2 9 1 37 87 72 89 93 14 61 4 78 38 13 88 30 34 23 96 80 63 40 49 73 26 35 29 8 10 95 76 81 12 99 65
87
46 1 14 31 82 7 48 78 35 45 33 16 100 59 93 32 98 58 51 19 13 53 10 96 77 84 28 42 18 6 99 69 97 92 68 23 61 49 76 34 70 3 24 5 20 71 30 44 47 95 74 29 37 25 52 43 67 73 64 80 87 88 57 12 90 79 63 86 75 66 9 62 27 22 36 26 60 39 56 91 11 89 81 94 54 85 55
5
40 7 27 26 98
77
71 54 56 47 9 16 6 63 70 44 29 14 95 58 42 26 64 49 45 67 80 91 25 27 37 83 4 100 41 59 40 65 76 30 33 60 18 89 98 78 13 93 72 48 99 24 36 1 21 52 53 12 20 35 19 55 28 74 82 69 2 31 87 34 3 32 77 96 10 39 84 61 97 43 86 38 51
52
14 43 13 35 21 85 55 95 31 70 76 84 98 39 63 6 3 23 94 51 97 62 92 4 58 91 82 16 68 89 53 47 1 27 15 25 71 33 5 80 64 20 41 30 52 100 73 75 12 7 19 40
55
52 45 12 60 37 66 59 63 2 80 5 48 67 38 70 29 49 87 21 98 40 100 9 20 74 31 56 11 17 14 46 41 55 73 99 61 62 96 4 81 7 94 86 16 58 8 89 51 36 13 82 18 27 95 19
62
8 90 65 74 71 59 42 58 40 39 13 44 78 49 62 6 55 35 32 91 3 29 61 20 4 77 47 80 67 63 24 37 15 31 97 43 12 30 54 26 11 64 84 93 87 75 2 81 53 19 7 68 51 17 60 46 52 57 83 89 79 41
57
6 70 63 82 83 31 5 81 97 47 61 41 8 24 57 16 78 44 34 74 100 21 79 12 92 45 30 94 28 99 58 69 27 19 37 36 73 90 33 20 9 42 25 88 48 80 39 32 77 3 18 2 91 86 51 10 71
64
99 31 55 89 45 96 35 42 62 25 98 37 90 46 22 1 81 43 26 14 79 83 68 86 77 6 24 65 71 41 66 34 11 21 3 10 95 4 67 16 15 54 85 100 72 29 94 19 76 61 23 51 87 2 5 74 20 75 9 7 27 18 58 39
1
8
99
22 35 54 64 5 68 40 79 15 58 98 77 41 76 48 31 91 17 11 99 38 2 97 56 89 85 39 43 78 10 13 12 83 46 87 92 69 49 6 84 96 55 27 82 36 59 62 9 94 3 8 26 7 100 28 20 47 25 88 75 45 93 90 61 4 42 30 34 65 19 14 37 32 16 52 1 72 73 53 18 71 60 63 44 66 95 80 24 33 21 67 51 57 74 29 23 70 86 81
63
83 28 80 60 92 15 88 85 39 68 7 37 51 55 93 12 20 76 67 59 64 40 33 30 54 19 78 97 42 77 62 96 98 94 46 70 8 82 34 9 69 36 58 43 66 63 61 95 52 3 29 17 81 53 91 47 74 18 86 32 16 27 41
6
44 37 53 80 33 28
61
40 92 53 10 59 3 75 97 79 74 5 85 72 60 14 38 66 26 24 62 19 94 52 17 91 42 29 98 96 70 47 11 6 25 31 58 99 20 2 8 15 81 28 90 22 21 64 100 71 76 57 44 1 51 67 36 86 30 18 89 56
21
35 84 34 27 88 75 20 74 25 6 30 87 90 56 13 61 52 41 79 43 12
37
25 87 56 57 98 92 64 86 54 41 90 49 30 44 20 34 65 43 13 3 28 99 31 1 70 8 24 19 74 15 69 37 58 75 82 77 10
31
71 78 93 42 38 48 77 51 37 87 5 44 24 46 16 63 54 65 74 59 35 66 40 69 45 94 13 25 29 97 89
31
94 86 30 51 5 81 24 99 84 58 28 27 25 80 43 56 21 62 77 35 38 73 55 88 39 49 31 12 82 69 47
22
57 20 23 21 30 61 69 62 75 87 11 39 16 77 78 94 86 79 72 65 38 80
7
71 48 58 76 88 74 72
71
20 61 46 13 94 33 14 54 64 59 87 3 52 40 5 32 69 10 15 25 7 66 35 27 30 47 76 80 8 17 6 36 62 29 2 55 73 65 74 63 18 78 71 85 99 56 4 77 88 83 90 49 23 11 48 39 97 89 81 37 19 34 82 43 12 92 72 58 45 1 79
98
10 55 91 29 92 16 41 1 84 60 49 31 40 5 82 85 97 46 83 66 12 20 3 61 37 18 44 26 35 72 77 96 58 34 28 69 99 36 74 93 39 22 90 98 42 8 33 73 19 30 67 24 21 88 80 94 89 100 6 45 65 15 64 75 81 56 9 70 68 17 57 25 62 79 38 95 32 52 53 27 4 51 14 2 23 86 47 63 59 43 11 71 54 7 76 87 78 13
41
37 48 21 80 28 46 43 82 52 79 71 4 81 17 18 93 30 57 27 89 73 83 24 19 25 91 68 54 40 99 100 59 9 62 49 39 2 44 74 16 6
70
96 27 43 26 44 98 59 71 36 28 92 70 89 65 48 79 88 41 5 51 9 76 85 53 52 93 35 31 57 49 11 56 42 23 10 34 54 55 60 74 77 73 4 99 81 30 66 40 64 1 24 69 84 33 39 91 95 38 94 20 29 17 82 75 16 12 3 7 72 68
65
73 10 53 99 71 88 83 76 48 89 24 95 6 17 58 18 98 26 35 66 69 52 41 79 12 11 87 22 38 3 20 65 37 91 32 92 74 33 59 45 61 78 75 96 62 46 93 82 55 70 34 7 100 57 40 60 2 81 56 67 44 23 54 72 29
12
22 69 99 57 92 27 93 19 65 40 15 52
21
24 30 76 43 26 52 42 91 80 48 18 7 61 66 100 71 83 97 60 95 72
83
21 53 6 73 98 86 39 49 20 46 87 52 69 100 68 71 35 2 79 66 84 36 89 91 33 27 51 78 19 37 55 67 83 17 65 40 29 85 41 18 26 88 45 58 75 5 63 59 61 64 38 74 24 3 32 9 77 7 80 42 99 95 44 13 57 92 47 23 34 48 81 31 60 14 82 70 1 8 62 94 10 22 93
6
88 34 100 72 21 59
43
77 65 13 95 97 5 51 44 75 92 12 21 18 88 25 41 28 90 73 72 83 98 100 8 52 87 64 16 7 67 36 94 70 3 86 57 1 17 39 27 99 91 61
15
29 100 99 51 41 13 71 16 49 6 57 78 10 66 95
27
87 33 54 89 22 78 32 28 11 46 16 43 73 4 17 24 21 55 84 8 75 83 20 39 26 69 7
98
37 55 47 99 70 11 62 35 45 43 18 63 60 86 12 88 51 98 71 16 1 13 87 28 38 56 5 14 76 100 95 97 85 30 49 79 3 19 27 68 90 57 44 58 91 65 4 31 80 7 73 83 96 67 92 77 32 23 48 84 61 52 39 64 59 78 72 34 54 41 94 6 8 42 15 10 9 46 21 17 40 26 74 20 75 66 93 53 2 89 36 25 81 24 33 82 22 29
22
94 45 49 47 39 86 9 43 78 62 17 89 76 87 27 53 25 14 64 93 46 42
99
57 79 80 72 4 1 58 88 96 64 38 89 14 22 59 63 42 24 33 12 54 68 47 8 51 18 31 52 95 74 69 91 99 10 53 40 9 26 30 70 94 16 98 5 29 28 73 77 82 6 19 41 2 34 71 21 37 67 92 39 49 65 62 86 45 7 15 87 20 81 44 3 13 27 43 93 35 55 83 11 97 60 78 32 90 36 76 56 66 61 46 100 25 85 17 84 48 23 75
76
26 98 93 96 63 12 51 91 37 3 33 14 90 24 67 78 23 18 55 49 6 31 1 85 28 59 57 69 65 27 68 76 88 82 47 72 16 32 66 40 74 8 64 48 56 22 2 7 100 97 71 75 80 41 77 52 17 89 5 10 46 11 86 35 38 70 44 61 43 87 42 62 81 29 60 9
