100
0 0
0 0
0 0
0 1
0 0
2 3
1 0
0 1
3 4
7 8
3 5
-6 10
1 4
-2 -8
-5 -3
-9 3
4 8
-8 -16
-2 -4
10 -7
-9 3
18 -6
7 -4
-7 10
-3 -8
6 16
10 9
9 -1
6 -7
-12 14
0 1
7 10
-8 -7
16 14
-3 -7
10 1
-3 -9
6 18
5 -7
-5 3
6 2
-12 -4
9 1
0 -1
-2 9
4 -18
0 -3
-4 0
2 -2
-4 4
-10 3
-8 2
0 10
0 -20
6 7
-2 4
0 6
0 -12
-4 10
-5 -7
6 2
-12 -4
4 -1
3 1
-8 -6
16 12
10 -10
-3 -8
-5 -1
10 2
-7 3
4 -4
-7 -1
14 2
-5 -2
-9 5
6 10
-12 -20
-9 4
-5 -3
2 5
-4 -10
-10 5
6 -10
6 -5
-12 10
0 -3
5 7
10 10
-20 -20
-8 10
10 -8
0 -6
0 12
7 -5
5 1
2 3
-4 -6
1 -1
-1 -7
-6 7
12 -14
8 -5
-6 1
9 1
-18 -2
-9 -6
10 -2
6 -3
-12 6
-9 9
3 -6
10 5
-20 -10
7 9
2 -6
-3 1
6 -2
10 -5
-6 1
1 7
-2 -14
-1 3
4 10
10 -10
-20 20
-1 -10
-6 10
3 -7
-6 14
-8 -6
-2 2
8 -1
-16 2
9 -3
8 8
-8 0
16 0
-2 8
8 7
-7 1
14 -2
-10 -3
5 4
-6 0
12 0
2 6
4 -3
-2 -9
4 18
-8 8
-9 -1
10 7
-20 -14
-5 -7
6 6
6 6
-12 -12
8 10
7 0
0 -4
0 8
5 3
-10 8
10 -8
-20 16
6 -1
2 10
0 8
0 -16
10 -3
-1 6
-5 7
10 -14
2 -8
7 -3
10 -9
-20 18
-4 8
6 7
-1 7
2 -14
8 -2
-10 5
6 7
-12 -14
3 -3
7 -6
-5 8
10 -16
-10 2
-4 -2
-4 4
8 -8
-2 -9
-4 8
1 7
-2 -14
-2 -6
-7 9
