100
7 1 994
1 65 36 39 24 54 52
5148
9 1 705
1 26 39 43 74 3 55 87 70
808
53 1 508
1 146 219 22 349 255 48 494 30 155 444 238 128 406 368 61 11 249 355 395 381 18 194 159 525 75 288 485 49 408 247 147 468 483 385 394 391 359 236 356 390 142 326 228 97 266 358 210 472 111 201 522 375
5118
56 1 401
1 140 210 69 22 373 16 286 245 333 3 39 229 388 553 393 213 487 83 66 364 272 296 517 501 353 58 387 90 133 202 538 75 519 409 52 200 508 338 375 281 535 472 469 342 208 455 27 11 84 486 17 38 40 21 331
1548
19 1 641
1 125 90 20 119 64 4 148 86 72 67 49 185 42 113 154 6 117 40
6021
56 1 841
1 383 21 241 33 447 318 132 528 556 228 550 298 43 131 408 459 341 417 368 122 61 9 24 453 350 18 141 73 407 359 518 275 209 222 265 559 156 293 332 315 421 560 460 441 14 29 364 281 509 435 438 81 15 176 154
2024
11 1 493
1 25 100 76 64 6 19 33 110 29 63
9575
70 1 440
1 155 365 678 511 29 217 551 236 427 544 142 311 648 596 364 536 85 578 575 620 197 191 353 257 258 65 504 312 434 519 99 428 59 681 623 668 584 597 95 445 81 145 553 609 66 181 118 313 126 495 213 505 603 245 137 683 159 221 93 613 608 669 282 206 437 175 374 515 499
1951
85 1 957
1 532 476 561 821 545 177 383 780 333 781 607 510 65 424 275 171 407 382 848 761 614 216 512 814 187 264 845 770 503 421 77 630 265 124 160 728 168 428 355 49 690 332 132 233 402 693 343 418 287 740 52 817 436 392 473 786 687 805 78 527 523 440 658 409 397 618 268 67 84 444 292 212 662 390 286 141 135 729 461 371 50 671 703 558
3828
96 1 976
1 158 711 299 872 234 421 221 342 211 237 441 399 884 774 786 887 183 51 8 615 339 939 306 840 414 109 617 74 673 777 282 493 124 608 636 79 799 568 506 487 903 518 654 461 147 318 331 907 896 445 385 537 935 623 946 727 919 737 902 427 538 313 69 932 738 692 276 751 905 957 806 291 34 827 829 134 555 607 718 603 779 426 301 630 409 214 3 616 851 161 501 517 573 436 476
8024
39 1 396
1 215 243 25 136 236 134 129 232 77 10 181 292 216 310 328 71 227 150 253 112 6 277 299 92 68 37 325 304 301 359 60 14 97 152 205 214 197 130
2062
38 1 969
1 72 120 112 118 127 148 22 333 289 64 5 52 216 335 134 273 84 251 159 32 185 369 80 374 20 209 308 220 199 75 290 349 279 342 172 139 297
2451
21 1 166
1 168 62 103 38 145 172 100 139 58 42 28 193 10 154 93 57 178 25 182 174
1439
64 1 444
1 441 93 240 371 190 121 509 492 265 111 96 370 542 453 193 141 474 69 309 88 595 569 319 278 68 293 494 259 632 384 408 167 62 76 37 33 393 369 343 255 629 502 458 136 559 593 280 102 225 252 196 535 239 8 530 594 587 543 296 71 294 517 446
6397
67 1 443
1 454 302 375 564 317 442 352 76 163 287 114 88 279 413 639 481 539 161 154 364 477 117 521 208 526 101 159 410 222 465 316 169 540 141 586 524 456 389 519 459 372 256 73 517 522 665 223 64 18 184 468 457 615 593 619 227 611 512 201 629 624 311 288 447 537 425
8649
77 1 61
1 467 439 231 418 253 295 97 440 432 480 741 633 478 690 648 445 755 19 703 92 248 626 639 487 387 628 616 740 85 138 680 697 217 279 278 192 631 52 95 637 55 513 526 6 306 484 375 283 553 343 99 289 270 323 64 193 25 712 285 448 267 198 175 350 63 747 559 57 170 599 40 356 195 112 495 392
4413
32 1 745
1 210 129 191 97 72 173 279 100 128 219 46 8 110 41 33 222 273 93 137 139 124 172 272 317 53 291 134 213 2 243 188
7309
14 1 939
1 26 88 133 4 83 123 136 113 72 107 42 69 115
1814
97 1 240
1 918 78 898 73 455 51 483 533 120 751 783 885 911 430 946 962 387 102 750 173 827 65 652 912 673 205 440 232 574 470 481 498 218 176 541 586 658 638 760 854 55 427 268 391 674 813 869 611 570 347 556 308 49 70 418 759 75 772 822 645 637 715 114 50 588 737 826 646 369 295 676 508 616 717 327 468 448 883 756 551 252 365 245 722 581 876 618 499 755 880 848 283 95 162 796 172
8838
33 1 993
1 110 55 44 154 2 43 32 251 19 135 85 281 175 93 244 145 217 6 68 189 160 183 192 283 4 323 314 97 81 151 52 232
4357
37 1 577
1 140 344 261 269 120 96 251 100 26 233 46 235 308 27 8 163 94 181 84 142 127 276 366 97 310 254 339 321 349 270 31 229 105 151 118 59
3446
7 1 253
1 55 62 12 6 17 67
7560
14 1 618
1 4 69 112 111 113 75 23 14 140 93 88 76 39
7032
39 1 680
1 8 231 118 135 304 179 247 357 354 254 95 90 88 287 40 378 26 177 184 253 137 111 303 76 173 291 193 372 297 348 277 180 112 387 377 368 211 376
9450
83 1 140
1 324 134 283 748 105 359 751 563 539 209 815 85 6 62 616 561 598 453 710 614 289 480 27 98 685 490 97 433 478 40 226 655 99 113 157 54 101 292 762 50 612 269 372 61 589 471 358 9 146 624 375 774 155 590 488 8 311 290 199 787 349 260 190 30 319 446 327 186 573 681 557 638 406 373 719 514 103 67 672 426 577 222
5146
75 1 687
1 183 496 367 575 545 398 459 421 362 122 280 717 299 318 594 625 348 189 586 633 707 269 461 465 494 66 456 285 396 638 590 557 343 161 43 30 278 504 42 233 111 716 70 561 472 290 135 156 430 155 324 605 158 674 388 730 104 519 5 527 359 185 167 409 607 257 236 181 262 139 286 471 486 432
4383
95 1 618
1 473 65 722 535 731 227 814 448 796 359 323 16 664 781 179 467 428 369 794 123 558 419 653 219 237 539 517 292 273 199 330 725 405 576 820 748 559 222 264 380 578 518 80 669 67 278 46 495 605 172 832 884 633 10 691 128 885 386 417 548 412 282 547 73 447 315 305 812 254 527 742 465 713 931 792 616 589 11 218 47 524 778 413 699 62 818 826 499 268 383 560 937 665 916
841
80 1 833
1 23 44 100 230 366 469 380 606 208 431 238 441 67 194 95 592 144 132 260 55 410 572 438 138 370 445 245 163 794 48 89 779 259 514 300 601 139 22 768 53 147 12 786 590 502 543 593 5 124 335 24 716 413 457 288 324 516 232 535 110 196 689 508 115 743 57 728 263 599 500 281 455 150 789 372 706 399 659 652
5810
64 1 104
1 360 627 37 153 588 334 163 30 137 364 316 242 237 148 469 222 304 508 129 300 526 565 517 497 340 86 620 598 383 332 404 107 178 436 290 504 522 268 351 617 149 124 599 474 289 117 75 278 567 486 294 523 496 312 198 249 448 211 354 401 109 362 288
4123
14 1 2
1 119 49 113 32 53 93 54 43 130 64 115 37 94
4062
4 1 436
1 12 29 31
6327
20 1 803
1 28 121 111 68 179 32 55 57 160 117 167 119 25 18 29 58 42 49 106
9965
77 1 470
1 261 357 430 513 365 486 625 179 717 495 419 733 527 165 250 715 431 152 483 704 549 112 697 292 766 723 467 363 767 402 388 536 116 496 614 288 706 615 136 477 126 352 392 161 186 623 107 758 342 225 420 131 67 694 578 191 570 87 378 440 655 358 736 649 366 61 633 93 285 405 448 573 451 557 560 274
3930
84 1 419
1 125 413 409 100 447 588 778 287 194 154 651 247 417 731 215 58 257 726 789 44 266 342 663 621 497 628 45 534 83 513 578 101 282 309 305 767 263 665 399 354 583 163 684 783 60 773 391 28 526 477 346 109 186 699 629 373 384 234 690 131 335 182 753 608 445 656 227 692 294 787 113 65 579 612 471 823 819 203 702 240 191 761 201
9149
58 1 110
1 482 304 86 443 215 347 337 186 41 297 261 279 336 530 178 228 543 109 331 375 125 545 366 419 525 135 87 538 146 151 193 292 390 172 478 56 429 286 40 116 323 540 198 39 82 405 192 253 169 326 380 164 6 571 91 447 381
2473
49 1 193
1 10 371 402 167 238 443 281 211 207 22 247 483 175 146 278 8 15 488 191 95 75 410 138 435 229 479 263 328 322 304 105 368 467 422 438 235 140 487 37 110 131 33 283 454 394 447 358 112
9159
70 1 290
1 476 443 503 201 683 107 649 688 340 80 81 538 398 463 242 35 70 188 512 99 638 617 179 261 212 602 224 595 9 166 530 547 481 455 129 495 663 632 532 438 614 497 627 620 633 498 34 87 283 186 621 568 8 306 670 637 507 412 193 644 28 590 642 64 393 19 488 487 78
7734
32 1 176
1 171 52 186 74 77 254 225 58 141 91 130 318 83 260 127 70 291 244 72 35 19 132 67 286 3 124 21 47 280 247 28
2246
33 1 813
1 217 180 279 91 152 294 317 234 291 61 214 45 186 280 161 76 110 142 288 42 295 256 63 56 140 120 67 10 116 305 164 108
3984
6 1 587
1 31 7 49 20 40
8666
22 1 41
1 126 67 195 35 4 187 50 190 89 151 68 197 97 76 168 142 193 212 113 106 72
9613
20 1 781
1 119 49 100 179 114 116 5 103 139 14 70 181 95 168 96 38 32 43 36
9087
21 1 727
1 33 106 159 64 82 161 24 39 165 53 135 147 148 65 28 196 77 155 178 210
6358
8 1 539
1 40 8 68 12 39 34 75
3067
63 1 257
1 442 438 338 77 347 94 445 123 93 624 523 316 335 487 488 292 538 314 59 197 545 278 304 385 536 155 117 154 378 24 493 467 532 312 373 437 248 471 332 396 352 369 620 496 595 84 251 162 226 51 29 137 148 583 227 301 365 308 294 563 111 564
6115
73 1 879
1 339 406 270 233 410 94 673 344 511 387 553 67 613 702 691 123 33 134 578 517 375 232 663 469 34 441 178 151 150 155 510 514 22 240 329 646 550 669 24 480 476 649 682 255 15 634 693 494 8 70 558 435 453 475 555 604 504 187 115 338 687 176 5 563 65 54 671 18 6 368 459 622
6837
90 1 322
1 79 552 301 115 421 151 518 528 666 49 51 867 797 501 305 160 623 306 763 233 211 100 855 435 401 857 17 716 895 183 641 540 602 630 370 77 268 286 606 884 194 279 208 521 736 257 890 657 358 438 54 511 237 158 371 517 214 314 244 235 796 108 565 493 369 761 101 398 348 504 243 326 9 35 563 156 595 349 19 882 149 614 334 760 744 419 850 385 669
452
37 1 18
1 257 21 171 347 258 251 10 325 101 54 156 9 306 166 164 53 244 105 350 82 279 58 227 102 99 64 19 272 5 186 149 337 253 162 173 324
4701
49 1 662
1 326 45 219 196 25 208 352 277 201 207 223 446 28 30 252 165 118 116 336 472 153 259 304 159 392 388 64 138 346 55 489 266 210 180 119 148 236 274 177 83 184 141 117 348 50 464 42 269
3579
64 1 163
1 479 535 156 324 77 282 571 413 566 389 297 306 421 529 250 201 332 193 181 602 538 339 634 89 127 270 483 611 223 296 492 477 458 542 459 525 125 65 16 212 131 80 60 599 32 381 162 6 468 629 164 425 358 509 275 57 471 594 14 34 229 373 129
9727
61 6 578
1 374 265 559 592 361 371 575 281 496 545 67 85 492 412 357 27 127 155 209 587 335 101 441 102 494 6 144 540 187 366 177 78 108 296 13 411 118 488 10 47 347 535 334 128 137 509 599 116 75 329 580 507 596 363 472 283 273 119 529 56
277 617 123 1320 208 1133
97 58 362
1 26 483 623 80 317 567 690 158 545 584 231 591 225 345 114 132 869 196 445 611 227 594 951 582 37 619 739 84 172 327 456 181 304 628 233 879 687 361 824 651 936 307 596 299 617 682 913 669 650 635 477 704 494 365 44 525 692 269 776 462 850 656 867 587 283 101 637 540 514 570 755 512 342 713 689 247 71 762 842 13 364 39 797 550 680 658 207 122 281 285 217 177 484 392 454 278
113 13 35 136 148 165 172 120 103 153 66 9 165 111 21 67 13 119 40 133 128 92 130 120 88 126 112 36 37 89 157 88 37 153 35 125 18 46 35 47 59 51 71 125 63 85 67 79 136 42 158 27 80 77 31 100 44 166
95 4 603
1 748 366 254 417 532 816 244 622 99 817 497 367 392 266 485 894 377 502 102 256 520 326 649 839 517 62 169 451 494 565 692 947 762 548 775 597 320 679 744 642 284 885 11 489 944 663 202 736 589 121 272 31 308 108 463 818 30 856 587 127 833 900 83 837 136 746 763 259 718 808 438 45 665 307 566 803 577 811 238 258 691 140 788 825 327 117 37 340 379 48 100 575 844 753
1312 2357 1525 876
96 8 823
1 659 93 78 364 673 589 553 210 927 651 141 46 933 762 892 314 488 755 826 295 885 808 894 843 877 309 563 81 258 237 456 728 376 520 420 444 918 774 926 839 30 509 893 717 467 318 800 557 804 760 763 453 850 496 547 26 857 604 524 860 371 533 778 430 411 278 463 932 339 825 308 212 819 279 759 468 864 908 809 650 747 720 872 116 551 953 662 385 15 391 271 548 94 181 106
725 744 175 154 569 479 659 247
55 26 695
1 336 244 184 289 549 106 350 151 287 405 365 7 172 395 531 417 457 475 46 116 19 215 291 472 299 276 508 513 295 481 266 109 202 538 41 381 233 467 384 411 181 351 113 186 88 285 25 398 450 156 240 442 80 262
328 352 317 205 206 283 103 177 57 140 136 283 180 108 269 190 273 123 83 321 155 244 83 184 202 185
84 72 40
1 747 199 614 672 344 610 391 23 83 836 574 297 840 385 609 556 834 793 322 144 433 526 34 769 612 37 563 293 720 540 285 593 369 791 480 157 799 387 711 412 625 765 356 89 544 494 246 358 61 809 589 362 657 284 229 359 502 36 333 517 360 704 530 645 315 725 557 221 381 413 404 642 497 2 267 338 527 316 136 56 830 445 66
104 10 93 8 55 118 92 103 5 102 42 121 107 32 126 114 13 49 65 88 56 43 96 21 103 74 86 20 60 114 69 38 105 45 69 105 32 65 114 100 78 113 38 27 116 6 100 82 44 44 62 72 112 53 97 75 18 136 34 121 132 106 68 135 54 27 107 118 12 44 91 119
7 53 719
1 41 52 12 40 57 42
47 90 174 108 77 120 181 163 83 63 42 155 78 21 72 69 39 62 171 119 128 61 18 126 56 100 40 94 59 96 37 96 131 93 65 165 19 109 117 67 164 140 149 75 128 89 185 81 153 73 49 17 72
79 96 618
1 154 741 16 469 131 661 50 368 358 42 51 565 550 359 225 715 160 205 144 40 66 159 279 234 618 37 375 542 314 124 752 404 60 579 496 255 433 591 679 334 261 264 41 621 256 67 781 254 615 203 480 546 49 233 357 386 536 241 75 296 671 468 216 419 13 306 239 570 387 341 238 666 405 530 412 221 477 240
10 56 37 31 39 40 93 87 38 96 75 96 100 17 69 59 8 95 100 13 101 28 70 39 57 25 59 29 70 49 101 62 70 14 50 21 73 14 45 96 74 11 21 32 82 102 37 56 70 53 23 85 100 93 83 41 68 62 33 14 8 67 29 63 13 34 102 43 52 88 13 11 23 83 17 61 52 7 102 69 55 97 25 14 53 90 80 86 11 28 72 18 103 25 23 54
43 46 254
1 244 270 362 161 78 9 119 287 154 67 60 208 389 189 267 286 117 312 373 101 273 237 263 341 12 219 379 348 232 98 146 325 351 145 75 92 316 39 162 71 88 309
46 39 48 8 116 203 143 36 82 92 124 166 67 180 193 94 160 58 16 69 23 25 207 19 72 135 157 131 39 143 166 115 156 162 188 66 181 132 48 60 58 57 100 39 115 16
88 74 484
1 550 103 647 604 367 464 715 676 57 646 234 742 222 662 294 465 29 233 167 396 650 735 413 243 282 745 714 574 572 616 459 487 788 594 334 298 363 850 111 81 201 510 846 828 783 134 584 183 251 446 541 319 830 12 551 610 366 85 484 497 55 4 653 276 109 37 122 725 457 266 431 94 28 404 221 802 387 696 369 62 511 736 64 330 283 164 685
34 35 114 79 43 117 9 41 53 35 125 101 71 108 38 70 86 51 111 99 12 95 129 86 86 75 47 52 84 113 115 23 88 64 119 97 103 11 128 34 68 109 66 59 97 19 80 87 8 131 134 110 48 66 25 57 71 22 63 9 74 7 95 96 33 34 92 127 32 101 37 85 99 34
77 24 435
1 697 730 98 254 209 617 716 439 273 573 651 312 244 660 253 2 629 136 176 614 74 411 270 374 566 621 769 671 430 344 343 369 310 595 107 647 465 462 408 539 240 483 341 378 548 183 478 129 536 389 230 72 303 175 386 484 30 68 138 66 327 286 766 523 371 99 587 450 608 504 141 471 264 474 537 699
323 414 267 241 235 166 167 151 399 58 404 401 179 218 133 348 387 68 96 268 337 322 106 122
59 79 320
1 431 39 294 167 52 258 237 419 172 517 405 561 275 333 318 505 5 578 365 42 91 478 226 399 221 277 344 387 346 587 27 418 145 482 191 161 494 113 396 37 117 224 140 270 502 528 193 359 493 24 255 379 111 124 295 122 569 558
21 59 114 62 28 118 118 123 23 33 125 69 52 15 16 78 121 54 66 15 36 124 46 71 110 15 102 46 110 102 99 43 15 75 56 67 74 24 69 24 17 30 104 64 57 76 14 49 121 28 65 9 21 52 118 121 50 60 42 125 12 84 70 59 111 72 119 109 28 90 111 9 125 50 70 102 73 13 97
98 32 815
1 645 194 140 151 621 893 317 256 296 642 414 622 710 167 235 625 198 441 409 393 346 342 586 468 650 251 716 160 174 267 682 63 670 771 429 411 24 926 195 306 643 744 853 675 322 315 119 397 419 636 812 571 467 631 351 363 43 108 517 700 663 434 357 963 329 845 722 197 110 367 394 213 293 210 87 519 246 933 945 278 236 218 591 815 26 408 463 435 191 106 226 900 822 448 486 619 967
114 42 122 275 235 132 27 306 271 32 306 149 77 264 259 54 222 46 136 52 204 308 213 177 85 252 94 251 205 276 126 49
90 28 50
1 585 330 442 180 213 377 413 42 491 668 52 217 532 434 700 334 331 31 297 740 362 693 100 10 583 621 587 336 307 254 824 59 481 695 337 106 221 636 146 589 425 311 152 508 608 547 854 684 386 732 422 406 567 95 479 431 346 599 298 428 728 797 358 176 282 469 12 773 446 417 222 74 529 169 457 598 126 82 394 427 699 817 762 497 25 736 306 158 712
224 68 92 97 151 204 174 290 128 29 153 97 175 314 223 225 109 302 304 291 266 96 310 22 8 339 315 108
65 62 381
1 387 647 206 537 304 503 409 334 468 306 377 107 619 231 119 194 474 213 562 394 421 568 127 561 273 186 355 361 12 477 555 15 347 156 223 265 405 316 426 616 17 425 269 62 254 38 353 116 84 253 542 23 433 169 31 198 367 99 564 641 391 595 457 543
75 28 79 113 128 154 46 28 99 74 100 104 121 25 86 102 131 74 68 92 50 143 129 82 65 51 130 134 59 101 90 75 59 112 126 149 50 128 99 9 83 47 154 160 112 95 106 111 126 87 110 111 129 92 32 95 62 7 62 73 62 136
35 4 462
1 209 347 163 348 67 296 193 275 243 276 125 100 272 197 6 319 22 326 13 218 261 247 265 295 16 200 88 43 48 142 72 62 317 76
835 2134 2356 1477
16 46 55
1 36 119 55 160 114 61 150 79 33 120 111 98 96 9 89
183 41 93 105 105 10 17 42 27 117 8 182 30 44 16 45 163 168 119 79 194 21 57 159 209 7 55 37 50 193 136 154 164 117 184 86 18 114 152 60 13 214 190 125 77 111
54 4 787
1 426 222 87 355 200 41 28 154 417 524 7 50 529 374 462 114 90 194 338 337 209 321 180 201 85 474 88 270 286 198 32 124 240 69 40 52 436 174 500 72 138 18 75 293 467 472 241 323 74 139 395 289 429
979 1043 2205 600
28 99 494
1 39 193 86 233 209 46 106 81 259 201 8 111 65 270 62 70 171 271 116 119 170 96 202 214 26 11 27
12 96 76 97 25 21 33 96 64 38 98 89 21 26 97 82 9 54 59 46 78 81 68 62 94 42 41 43 52 44 5 19 56 20 62 42 50 73 23 83 24 69 22 32 36 60 33 32 18 81 85 14 54 77 43 17 39 61 52 15 32 23 92 54 14 47 96 66 41 24 37 64 10 90 75 62 76 18 74 89 96 35 5 47 21 70 21 55 99 59 24 53 91 9 74 47 20 46 54
78 79 17
1 497 96 530 585 670 604 346 140 680 521 381 54 306 313 476 771 104 556 564 558 623 458 551 254 509 187 304 674 447 189 652 410 338 715 272 651 248 255 68 29 136 311 780 722 347 671 232 324 380 479 483 301 274 603 209 688 135 39 166 758 439 302 285 621 22 650 341 69 390 317 487 190 571 656 653 18 159
114 125 85 99 19 11 22 90 50 89 83 44 91 88 14 88 98 124 59 52 52 124 71 124 78 101 115 9 5 125 16 123 66 123 28 85 25 37 102 88 123 47 56 10 5 66 96 113 59 33 45 56 124 17 5 32 89 111 8 64 114 22 64 22 73 40 119 53 80 9 88 52 31 10 114 100 61 118 99
51 67 360
1 62 8 330 185 477 268 238 422 227 452 287 367 478 201 247 326 409 342 83 442 363 398 230 299 163 26 441 291 321 421 183 366 5 156 357 401 117 380 378 100 193 361 301 290 371 123 150 199 210 165
95 91 91 101 78 75 23 131 49 147 131 45 15 39 55 39 102 77 103 142 39 71 65 69 137 101 52 32 110 129 84 84 9 145 139 85 63 18 87 40 127 31 145 28 24 81 141 97 15 72 74 9 109 135 131 81 40 42 8 28 16 74 119 18 140 75 40
74 37 481
1 54 14 640 223 568 182 190 238 736 527 58 569 89 614 458 260 233 296 430 501 314 239 422 343 161 4 654 295 387 529 528 37 274 432 709 445 2 230 167 265 85 508 278 323 149 439 177 196 714 205 105 191 45 183 70 543 338 40 567 319 346 424 628 234 218 691 646 413 26 324 511 256 134
175 90 92 131 108 241 199 161 65 139 16 64 156 158 264 31 264 31 35 135 146 143 85 211 163 82 23 212 174 248 145 128 80 205 211 262 194
7 62 825
1 53 11 54 42 6 29
137 83 132 96 35 55 18 24 69 155 132 51 88 148 67 107 123 104 18 85 124 28 94 103 19 142 157 19 123 91 32 149 146 145 109 25 29 99 68 134 152 113 18 160 148 86 94 123 68 147 67 147 98 99 122 42 131 63 39 143 97 21
22 66 347
1 219 179 94 44 149 82 9 128 28 220 119 64 7 86 68 143 134 205 48 118 131
21 46 6 21 120 65 60 53 134 20 117 49 98 117 146 28 114 35 60 26 128 13 64 33 65 61 143 51 108 62 43 87 114 81 143 91 26 149 50 69 27 68 94 106 113 78 127 41 107 86 131 130 23 143 140 70 73 58 149 109 103 115 50 126 135 25
24 84 986
1 108 60 162 116 99 201 137 202 68 148 69 145 226 102 21 177 120 185 221 49 24 128 217
76 86 39 19 86 116 74 80 112 101 26 51 65 81 26 48 32 16 114 114 95 39 36 49 50 98 21 43 12 31 30 42 62 19 44 112 98 87 116 56 74 43 12 47 56 24 87 36 20 58 34 106 61 87 16 63 89 52 88 48 70 66 32 103 54 67 82 15 46 108 16 96 40 56 74 54 17 109 89 41 24 106 69 81
91 23 24
1 161 513 320 491 134 111 894 516 378 155 18 101 200 895 390 34 57 69 395 648 68 876 520 175 381 711 490 392 183 832 65 734 192 460 494 864 609 899 457 195 137 882 634 493 11 799 688 418 368 398 54 581 275 908 658 615 458 588 328 763 773 824 187 637 352 147 545 733 613 862 530 100 92 589 779 553 683 712 229 635 706 109 650 735 240 162 684 744 202 825
204 48 45 318 161 423 189 418 71 251 15 40 233 119 74 144 301 395 128 175 41 375 334
79 20 2
1 476 133 501 52 653 558 271 172 486 683 442 602 80 97 433 61 95 71 300 159 736 386 164 303 170 636 448 580 230 62 135 27 397 83 769 249 664 298 440 82 94 761 632 527 381 98 693 583 784 289 484 576 288 217 268 337 21 190 315 363 366 139 697 5 326 103 33 150 410 322 429 505 229 473 105 119 520 566
405 331 200 8 205 325 445 122 255 308 73 376 402 443 247 14 350 37 100 455
70 25 488
1 287 37 83 293 292 406 590 597 444 133 256 428 512 198 475 451 282 242 392 171 603 689 377 184 120 527 447 307 369 525 335 622 503 48 145 521 230 501 570 686 223 661 573 477 449 614 252 64 353 673 648 10 5 683 547 46 496 47 301 22 443 340 188 693 396 333 297 321 555
287 210 346 278 258 215 203 361 395 171 210 92 350 324 171 103 193 22 199 175 371 229 180 384 288
42 67 683
1 97 180 416 236 301 318 306 10 347 262 32 108 85 237 8 163 82 62 325 387 81 93 315 379 76 411 309 116 282 59 412 79 33 199 25 84 339 145 171 407 353
146 124 130 107 104 71 33 71 37 89 131 43 74 83 126 96 84 30 110 25 90 28 65 102 142 46 105 89 141 137 113 99 94 75 41 121 28 72 71 93 141 107 69 131 39 23 57 136 75 127 36 31 84 100 33 28 134 95 60 25 147 129 17 26 38 147 89
46 63 383
1 40 354 386 439 413 206 265 418 61 208 286 349 109 452 250 175 238 340 27 352 422 128 359 244 257 327 350 156 119 52 384 104 258 399 162 237 230 314 289 133 188 271 400 236 204
134 93 16 69 153 106 29 64 124 74 117 61 58 34 79 91 87 139 116 43 109 94 155 144 126 111 85 20 142 11 111 104 23 112 14 51 12 122 122 123 50 146 64 123 26 134 78 140 53 83 152 73 10 32 77 14 38 112 40 103 83 44 106
40 54 880
1 182 170 288 73 21 372 305 10 77 297 134 15 320 381 373 113 361 188 121 41 105 48 264 123 296 357 323 94 339 84 273 153 263 299 389 349 375 80 336
68 153 21 103 167 68 106 100 49 41 41 97 146 108 67 162 101 25 45 96 69 120 107 64 158 148 103 49 42 161 89 121 145 94 71 79 28 138 135 137 139 89 99 23 100 136 106 169 176 76 149 64 184 82
64 36 511
1 179 25 529 280 183 311 308 50 447 242 461 503 35 336 550 553 478 301 426 82 181 76 569 565 366 436 623 174 48 133 594 74 592 470 87 368 501 620 107 536 89 424 413 160 456 118 337 482 367 563 398 123 20 36 200 493 474 328 104 269 298 598 416
240 24 179 226 63 218 205 76 206 88 261 203 251 206 158 155 24 223 228 252 185 239 257 248 161 42 48 106 260 203 263 223 273 129 44 51
92 81 158
1 303 846 857 214 263 639 191 417 717 124 623 816 355 595 666 669 398 235 914 92 903 277 373 910 397 370 528 679 230 119 657 95 391 203 208 656 18 820 624 441 368 764 193 63 689 556 499 327 729 233 534 143 670 774 690 799 183 707 261 54 348 201 106 680 727 186 247 543 312 653 31 615 592 547 813 779 271 376 675 291 298 837 508 407 521 849 381 347 170 134 419
40 58 118 101 95 113 6 57 83 49 35 63 98 95 70 33 37 39 51 91 88 19 45 101 95 91 112 58 12 3 106 27 116 68 111 95 26 39 106 50 98 49 117 57 95 78 113 107 57 80 116 9 14 11 119 107 18 65 100 48 47 110 5 105 41 29 93 100 102 77 63 6 67 63 55 116 94 68 14 92 42
20 83 129
1 73 182 196 122 36 120 45 145 171 80 136 23 152 126 49 129 173 30 35
62 89 70 71 51 101 32 34 39 76 79 113 19 113 115 86 73 108 39 21 71 10 23 109 17 107 114 86 102 59 37 75 118 37 14 9 51 44 33 107 97 68 68 87 101 4 114 9 59 46 113 17 5 74 32 47 65 103 82 100 104 70 12 107 18 66 16 57 55 60 41 99 50 28 20 88 112 21 32 75 51 117 80
68 62 470
1 539 310 448 38 414 294 602 296 430 514 182 42 629 619 503 74 115 48 196 230 439 188 277 538 646 297 678 484 84 536 522 220 282 533 106 545 383 289 193 245 243 136 117 527 323 447 579 454 680 123 417 181 362 489 650 276 116 582 332 191 502 219 43 264 335 497 609
34 66 145 115 86 9 152 151 133 55 81 134 146 37 156 113 92 133 107 24 153 30 105 61 143 8 18 154 43 139 94 67 118 127 66 59 158 103 106 74 135 98 18 75 28 73 125 56 111 30 115 87 36 125 147 55 66 62 122 53 106 155
58 54 411
1 518 168 169 226 258 297 150 383 493 54 212 520 222 517 246 341 535 80 502 463 483 154 218 367 350 462 66 62 392 153 29 318 134 86 71 492 536 30 293 456 145 577 230 87 143 47 34 514 123 323 352 93 348 530 292 193 151
60 27 48 138 57 100 32 90 184 12 55 120 162 138 170 17 19 37 94 68 148 97 160 25 114 118 97 28 19 183 109 64 51 152 107 11 37 13 51 90 122 52 131 126 50 119 88 67 148 104 42 48 29 76
73 58 89
1 308 702 23 198 318 378 325 77 631 479 467 349 21 89 514 272 579 406 560 135 312 269 601 141 60 470 203 600 91 420 72 67 39 509 626 48 426 177 409 546 476 483 650 354 182 390 116 149 468 99 730 568 345 197 130 559 340 268 384 508 668 127 208 108 246 247 303 185 527 281 222 494
130 151 77 90 69 108 87 85 87 162 107 29 155 171 33 80 99 29 135 39 156 77 168 46 93 93 78 56 68 167 155 169 160 115 18 46 125 26 107 99 74 164 18 100 96 160 146 114 109 82 149 139 105 56 80 108 82 113
24 86 74
1 192 202 78 225 233 74 123 91 45 46 153 198 81 82 218 174 97 73 131 164 38 197 221
73 90 112 50 63 33 29 10 108 91 68 100 15 9 106 71 12 107 42 47 31 93 54 8 111 46 60 106 92 28 58 83 97 19 84 101 97 101 53 101 43 88 80 46 54 47 65 40 104 5 81 79 34 41 107 91 100 17 75 15 108 63 45 18 33 15 51 98 92 42 1 19 20 58 76 79 42 92 110 32 58 38 26 40 77 34
66 67 784
1 23 353 52 258 47 381 177 420 638 100 641 169 463 645 435 476 280 37 507 25 106 383 609 257 443 151 591 629 392 83 520 27 265 241 161 276 30 586 577 514 322 53 527 487 55 17 7 549 300 13 163 660 150 403 285 361 297 482 451 162 80 538 622 246 428
106 71 110 139 20 40 68 12 49 126 48 69 106 84 96 110 51 115 106 83 36 33 78 63 62 84 87 14 113 52 81 68 127 27 85 68 25 37 118 94 130 13 39 92 57 23 109 104 139 51 16 57 114 82 39 110 132 148 72 137 44 68 66 105 49 94 121
82 8 665
1 199 694 158 779 63 815 762 820 341 356 578 120 489 16 640 501 792 703 659 232 660 229 803 216 8 492 739 407 223 672 274 290 542 47 265 632 221 795 191 189 432 187 604 406 807 405 485 160 22 291 562 814 521 518 426 641 256 27 253 729 17 201 97 175 488 126 352 60 749 748 726 403 461 554 472 304 10 350 305 342 136
376 467 764 622 204 445 1174 955
60 37 442
1 213 215 246 63 240 540 123 400 105 331 49 436 197 162 278 38 224 383 519 193 210 176 13 31 98 445 339 407 352 113 505 585 437 191 23 95 429 554 556 152 172 308 158 463 355 600 569 391 490 252 134 491 589 243 428 422 501 433 401
246 145 246 32 116 133 185 162 53 60 261 98 261 133 39 84 94 83 251 49 227 163 200 225 20 138 249 72 60 112 255 27 117 166 149 177 97
33 99 738
1 283 230 257 250 249 201 229 297 42 103 258 264 162 23 274 223 247 135 306 305 150 140 36 104 75 235 3 191 119 328 196 85
62 35 65 71 80 20 24 67 46 18 75 33 82 33 19 44 63 38 97 80 27 41 71 48 93 56 97 34 8 46 75 10 74 76 79 53 72 41 84 96 96 79 97 84 39 20 74 55 13 41 88 8 65 82 96 80 98 41 26 30 9 92 49 74 49 63 46 76 48 60 9 12 76 71 25 13 29 90 11 48 99 37 93 97 47 37 76 37 78 11 55 35 49 9 34 18 94 42 71
88 2 793
1 764 218 106 320 132 856 857 799 733 242 727 331 504 735 58 614 489 640 781 365 75 88 229 776 803 267 363 122 748 670 630 100 307 217 448 380 224 830 78 637 6 878 809 757 315 811 732 421 385 444 513 588 544 260 633 678 334 579 730 367 714 220 74 722 694 429 704 358 569 598 796 693 479 842 19 401 299 828 298 741 181 868 235 691 777 559 789
3687 4286
82 56 612
1 118 132 133 302 141 167 365 158 380 426 215 691 484 649 364 659 624 498 351 226 290 487 563 722 788 301 728 385 538 748 288 801 235 785 690 444 682 751 20 407 792 760 648 697 39 292 598 317 343 720 562 625 281 808 122 271 449 412 279 340 631 585 557 31 511 58 241 220 386 758 622 581 593 97 348 523 738 817 175 391 242
61 63 126 155 46 42 98 121 134 31 120 52 158 50 116 118 170 86 98 154 111 149 138 154 76 18 152 165 94 167 97 174 157 48 147 158 46 93 62 20 156 78 111 113 151 141 118 101 123 131 79 92 62 144 162 78
99 53 614
1 430 933 17 434 808 789 223 891 57 101 134 824 718 701 485 672 261 638 595 313 161 379 221 6 21 521 325 80 751 781 875 497 396 947 305 44 688 791 586 962 901 620 315 366 929 276 932 677 135 960 648 971 467 631 589 28 483 825 644 803 691 898 827 871 711 259 744 771 406 747 832 360 133 392 361 429 175 310 252 54 51 598 52 709 403 284 195 698 693 62 222 873 43 457 346 978 817 148
71 14 32 123 73 20 92 116 51 40 41 128 58 108 140 47 106 46 113 105 101 97 185 167 76 117 24 144 167 70 127 42 163 80 39 159 95 125 126 118 139 180 177 74 26 61 130 124 103 183 34 161 135
16 75 715
1 22 79 32 111 57 134 8 133 73 15 25 86 24 46 99
96 41 127 30 118 27 125 34 102 60 92 57 108 22 49 132 120 76 71 14 131 21 129 40 126 102 28 37 125 131 26 122 39 130 61 37 102 66 28 114 87 114 110 76 102 84 105 111 121 15 71 90 95 43 132 10 46 70 67 42 49 104 111 81 64 114 87 24 114 29 42 24 13 85 102
32 5 243
1 275 242 210 35 37 283 176 142 29 302 308 198 124 129 66 133 52 80 99 55 17 51 136 201 193 127 58 44 200 27 112
1527 1014 1586 152 305
25 68 738
1 158 155 26 204 152 56 161 70 209 11 42 205 10 51 121 22 114 54 86 82 208 140 214 3
62 15 130 97 25 111 129 63 119 50 118 121 34 125 74 70 128 141 77 112 12 27 137 133 83 31 38 53 50 35 64 118 29 41 64 133 71 78 137 70 58 26 143 39 40 121 61 76 37 72 42 100 28 25 77 89 17 93 139 93 44 16 65 52 105 51 125 59
5 20 548
1 17 47 38 7
323 103 96 460 82 36 135 96 300 413 44 474 207 186 356 171 95 390 43 318
98 44 465
1 807 514 426 545 176 490 449 775 309 802 376 843 145 541 562 218 930 591 906 244 136 704 972 776 368 847 620 623 290 937 705 273 435 612 956 488 754 268 862 40 353 234 282 74 779 723 526 370 794 901 101 156 852 328 831 606 199 404 86 695 6 796 926 165 752 166 774 224 72 953 315 641 407 195 664 476 605 329 200 135 896 396 917 669 945 658 256 497 127 769 183 674 81 22 59 910 874
13 135 65 215 151 215 51 79 194 135 110 47 11 97 144 129 48 178 66 120 143 155 183 182 124 189 73 173 19 193 35 119 43 41 11 145 71 68 75 17 220 117 130 64
