100
904 222 901
606 213 217
338 338 476
377 460 275
300 849 100
119 708 399
866 76 936
152 81 523
971 477 553
634 849 951
689 807 353
673 37 117
248 623 204
933 17 194
739 410 168
738 935 184
298 823 203
869 120 519
871 911 73
140 21 256
1 1 1000000
175 614644 333800
795 14096 293285
69 998854 514083
832 636583 467474
25 383968 172206
783 234382 916229
543 950567 67641
333 198621 457777
568 343240 970250
366 503682 659699
245 614696 77895
24 918479 517110
258 913033 212882
899 466630 522336
522 921342 975391
906 802211 65908
812 269072 839557
280 356970 190441
339 40113 949395
748 900466 540965
939 149920 633526
150 623666 887296
186 200093 959987
950 125066 220835
541 390479 70801
810 450517 519272
828 129459 683999
152 463788 760229
231 628103 481040
156 989757 679193
833 155255 363561
884 302286 365393
542 210311 460736
193 870540 816107
49 537538 962218
919 340632 352842
104 508322 768569
232 232659 644755
19 594752 144163
997 555432 959535
266 333949 290220
775 773018 801424
734 641328 837125
356 72528 832015
850 114899 106087
612 903261 76107
803 138665 263005
846 765460 242677
940 75058 806762
254 498060 965300
478 334545 369972
898 92015 223794
848 566461 490460
60 525128 222054
570 661158 886071
738 165197 251762
648 566058 167675
915 302827 974351
100 531192 840521
956 615377 669912
524 25347 814363
307 28542 143696
126 855723 444361
770 72142 457588
880 687656 117855
760 992323 750985
331 702007 317135
772 888144 63426
210 877449 464783
323 581803 353720
439 935338 68551
443 35730 717335
823 859502 130229
360 230302 987355
894 607394 838695
278 786952 62423
213 621105 89031
576 931000 891986
778 525397 355693
